0 0.258403 0.432416 0.052931 0.072967
0 0.143122 0.340909 0.055622 0.059809
0 0.140879 0.452751 0.040371 0.084928
0 0.253917 0.314593 0.045754 0.064593
0 0.633852 0.381579 0.052033 0.074163
0 0.736124 0.244617 0.041268 0.065789
0 0.863517 0.297847 0.039474 0.052632
0 0.718182 0.357656 0.041268 0.055024
0 0.802512 0.419856 0.055622 0.064593
0 0.066866 0.385766 0.044856 0.056220
0 0.795335 0.355263 0.052033 0.050239
0 0.674671 0.299641 0.049342 0.053828
0 0.719527 0.421651 0.047548 0.070574
0 0.213995 0.382177 0.044856 0.056220