0 0.110825 0.385766 0.043062 0.044258
0 0.113965 0.489234 0.031400 0.052632
0 0.187530 0.441986 0.040371 0.053828
0 0.226555 0.370813 0.034091 0.052632
0 0.270514 0.467105 0.043062 0.053828
0 0.264234 0.409091 0.037679 0.055024
0 0.630263 0.349282 0.044856 0.062201
0 0.690371 0.264952 0.043062 0.070574
0 0.829426 0.339115 0.037679 0.058612
0 0.748236 0.458732 0.045754 0.061005
0 0.670634 0.434211 0.041268 0.059809
0 0.715490 0.389354 0.032297 0.061005
0 0.791298 0.393541 0.036782 0.059809
0 0.716388 0.338517 0.052033 0.035885